# Blender v2.91.2 OBJ File: ''
# www.blender.org
mtllib pogger.mtl
o Cube
v 163.212982 0.252335 -117.340073
v 163.212982 -0.252335 -117.340073
v 163.212982 0.252335 110.217545
v 163.212982 -0.252335 110.217545
v -163.212982 0.252335 -117.340073
v -163.212982 -0.252335 -117.340073
v -163.212982 0.252335 110.217545
v -163.212982 -0.252335 110.217545
vt 0.625000 0.500000
vt 0.875000 0.500000
vt 0.875000 0.750000
vt 0.625000 0.750000
vt 0.375000 0.750000
vt 0.625000 1.000000
vt 0.375000 1.000000
vt 0.375000 0.000000
vt 0.625000 0.000000
vt 0.625000 0.250000
vt 0.375000 0.250000
vt 0.125000 0.500000
vt 0.375000 0.500000
vt 0.125000 0.750000
vn 0.0000 1.0000 0.0000
vn 0.0000 0.0000 1.0000
vn -1.0000 0.0000 0.0000
vn 0.0000 -1.0000 0.0000
vn 1.0000 0.0000 0.0000
vn 0.0000 0.0000 -1.0000
usemtl Material
s off
f 1/1/1 5/2/1 7/3/1 3/4/1
f 4/5/2 3/4/2 7/6/2 8/7/2
f 8/8/3 7/9/3 5/10/3 6/11/3
f 6/12/4 2/13/4 4/5/4 8/14/4
f 2/13/5 1/1/5 3/4/5 4/5/5
f 6/11/6 5/10/6 1/1/6 2/13/6
o Cube.001_Cube.009
v 25.412771 3.794321 11.356394
v 25.412771 -3.794321 11.356394
v 24.470182 3.794321 12.856884
v 24.470182 -3.794321 12.856884
v -24.470182 3.794321 -19.979416
v -24.470182 -3.794321 -19.979416
v -25.412771 3.794321 -18.478926
v -25.412771 -3.794321 -18.478926
vt 0.625000 0.500000
vt 0.875000 0.500000
vt 0.875000 0.750000
vt 0.625000 0.750000
vt 0.375000 0.750000
vt 0.625000 1.000000
vt 0.375000 1.000000
vt 0.375000 0.000000
vt 0.625000 0.000000
vt 0.625000 0.250000
vt 0.375000 0.250000
vt 0.125000 0.500000
vt 0.375000 0.500000
vt 0.125000 0.750000
vn 0.0000 1.0000 0.0000
vn -0.5319 0.0000 0.8468
vn -0.8468 0.0000 -0.5319
vn 0.0000 -1.0000 0.0000
vn 0.8468 0.0000 0.5319
vn 0.5319 0.0000 -0.8468
usemtl Material.009
s off
f 9/15/7 13/16/7 15/17/7 11/18/7
f 12/19/8 11/18/8 15/20/8 16/21/8
f 16/22/9 15/23/9 13/24/9 14/25/9
f 14/26/10 10/27/10 12/19/10 16/28/10
f 10/27/11 9/15/11 11/18/11 12/19/11
f 14/25/12 13/24/12 9/15/12 10/27/12
o Cube.002_Cube.010
v 25.412771 5.500419 60.057049
v 25.412771 -2.088223 60.057049
v 24.470182 5.500419 61.557541
v 24.470182 -2.088223 61.557541
v -24.470182 5.500419 28.721239
v -24.470182 -2.088223 28.721239
v -25.412771 5.500419 30.221729
v -25.412771 -2.088223 30.221729
vt 0.625000 0.500000
vt 0.875000 0.500000
vt 0.875000 0.750000
vt 0.625000 0.750000
vt 0.375000 0.750000
vt 0.625000 1.000000
vt 0.375000 1.000000
vt 0.375000 0.000000
vt 0.625000 0.000000
vt 0.625000 0.250000
vt 0.375000 0.250000
vt 0.125000 0.500000
vt 0.375000 0.500000
vt 0.125000 0.750000
vn 0.0000 1.0000 0.0000
vn -0.5319 0.0000 0.8468
vn -0.8468 0.0000 -0.5319
vn 0.0000 -1.0000 0.0000
vn 0.8468 0.0000 0.5319
vn 0.5319 0.0000 -0.8468
usemtl Material.010
s off
f 17/29/13 21/30/13 23/31/13 19/32/13
f 20/33/14 19/32/14 23/34/14 24/35/14
f 24/36/15 23/37/15 21/38/15 22/39/15
f 22/40/16 18/41/16 20/33/16 24/42/16
f 18/41/17 17/29/17 19/32/17 20/33/17
f 22/39/18 21/38/18 17/29/18 18/41/18
o Cube.003_Cube.011
v 25.412771 5.500419 -31.905376
v 25.412771 -2.088223 -31.905376
v 24.470182 5.500419 -30.404886
v 24.470182 -2.088223 -30.404886
v -24.470182 5.500419 -63.241188
v -24.470182 -2.088223 -63.241188
v -25.412771 5.500419 -61.740696
v -25.412771 -2.088223 -61.740696
vt 0.625000 0.500000
vt 0.875000 0.500000
vt 0.875000 0.750000
vt 0.625000 0.750000
vt 0.375000 0.750000
vt 0.625000 1.000000
vt 0.375000 1.000000
vt 0.375000 0.000000
vt 0.625000 0.000000
vt 0.625000 0.250000
vt 0.375000 0.250000
vt 0.125000 0.500000
vt 0.375000 0.500000
vt 0.125000 0.750000
vn 0.0000 1.0000 0.0000
vn -0.5319 0.0000 0.8468
vn -0.8468 0.0000 -0.5319
vn 0.0000 -1.0000 0.0000
vn 0.8468 0.0000 0.5319
vn 0.5319 0.0000 -0.8468
usemtl Material.011
s off
f 25/43/19 29/44/19 31/45/19 27/46/19
f 28/47/20 27/46/20 31/48/20 32/49/20
f 32/50/21 31/51/21 29/52/21 30/53/21
f 30/54/22 26/55/22 28/47/22 32/56/22
f 26/55/23 25/43/23 27/46/23 28/47/23
f 30/53/24 29/52/24 25/43/24 26/55/24
o Cube.004_Cube.012
v 25.412771 5.500419 -71.324966
v 25.412771 -2.088223 -71.324966
v 24.470182 5.500419 -69.824478
v 24.470182 -2.088223 -69.824478
v -24.470182 5.500419 -102.660782
v -24.470182 -2.088223 -102.660782
v -25.412771 5.500419 -101.160294
v -25.412771 -2.088223 -101.160294
vt 0.625000 0.500000
vt 0.875000 0.500000
vt 0.875000 0.750000
vt 0.625000 0.750000
vt 0.375000 0.750000
vt 0.625000 1.000000
vt 0.375000 1.000000
vt 0.375000 0.000000
vt 0.625000 0.000000
vt 0.625000 0.250000
vt 0.375000 0.250000
vt 0.125000 0.500000
vt 0.375000 0.500000
vt 0.125000 0.750000
vn 0.0000 1.0000 0.0000
vn -0.5319 0.0000 0.8468
vn -0.8468 0.0000 -0.5319
vn 0.0000 -1.0000 0.0000
vn 0.8468 0.0000 0.5319
vn 0.5319 0.0000 -0.8468
usemtl Material.012
s off
f 33/57/25 37/58/25 39/59/25 35/60/25
f 36/61/26 35/60/26 39/62/26 40/63/26
f 40/64/27 39/65/27 37/66/27 38/67/27
f 38/68/28 34/69/28 36/61/28 40/70/28
f 34/69/29 33/57/29 35/60/29 36/61/29
f 38/67/30 37/66/30 33/57/30 34/69/30
o Cube.005_Cube.013
v -65.086739 5.500419 -67.795967
v -65.086739 -2.088223 -67.795967
v -64.422997 5.500419 -66.152985
v -64.422997 -2.088223 -66.152985
v -119.706764 5.500419 -45.730270
v -119.706764 -2.088223 -45.730270
v -119.043022 5.500419 -44.087288
v -119.043022 -2.088223 -44.087288
vt 0.625000 0.500000
vt 0.875000 0.500000
vt 0.875000 0.750000
vt 0.625000 0.750000
vt 0.375000 0.750000
vt 0.625000 1.000000
vt 0.375000 1.000000
vt 0.375000 0.000000
vt 0.625000 0.000000
vt 0.625000 0.250000
vt 0.375000 0.250000
vt 0.125000 0.500000
vt 0.375000 0.500000
vt 0.125000 0.750000
vn 0.0000 1.0000 0.0000
vn 0.3746 0.0000 0.9272
vn -0.9272 0.0000 0.3746
vn 0.0000 -1.0000 0.0000
vn 0.9272 0.0000 -0.3746
vn -0.3746 0.0000 -0.9272
usemtl Material.013
s off
f 41/71/31 45/72/31 47/73/31 43/74/31
f 44/75/32 43/74/32 47/76/32 48/77/32
f 48/78/33 47/79/33 45/80/33 46/81/33
f 46/82/34 42/83/34 44/75/34 48/84/34
f 42/83/35 41/71/35 43/74/35 44/75/35
f 46/81/36 45/80/36 41/71/36 42/83/36
o Cube.006_Cube.014
v -65.086739 5.500419 45.096786
v -65.086739 -2.088223 45.096786
v -64.422997 5.500419 46.739769
v -64.422997 -2.088223 46.739769
v -119.706764 5.500419 67.162483
v -119.706764 -2.088223 67.162483
v -119.043022 5.500419 68.805466
v -119.043022 -2.088223 68.805466
vt 0.625000 0.500000
vt 0.875000 0.500000
vt 0.875000 0.750000
vt 0.625000 0.750000
vt 0.375000 0.750000
vt 0.625000 1.000000
vt 0.375000 1.000000
vt 0.375000 0.000000
vt 0.625000 0.000000
vt 0.625000 0.250000
vt 0.375000 0.250000
vt 0.125000 0.500000
vt 0.375000 0.500000
vt 0.125000 0.750000
vn 0.0000 1.0000 0.0000
vn 0.3746 0.0000 0.9272
vn -0.9272 0.0000 0.3746
vn 0.0000 -1.0000 0.0000
vn 0.9272 0.0000 -0.3746
vn -0.3746 0.0000 -0.9272
usemtl Material.014
s off
f 49/85/37 53/86/37 55/87/37 51/88/37
f 52/89/38 51/88/38 55/90/38 56/91/38
f 56/92/39 55/93/39 53/94/39 54/95/39
f 54/96/40 50/97/40 52/89/40 56/98/40
f 50/97/41 49/85/41 51/88/41 52/89/41
f 54/95/42 53/94/42 49/85/42 50/97/42
o Cube.007_Cube.015
v -65.086739 5.500419 2.038694
v -65.086739 -2.088223 2.038694
v -64.422997 5.500419 3.681679
v -64.422997 -2.088223 3.681679
v -119.706764 5.500419 24.104389
v -119.706764 -2.088223 24.104389
v -119.043022 5.500419 25.747374
v -119.043022 -2.088223 25.747374
vt 0.625000 0.500000
vt 0.875000 0.500000
vt 0.875000 0.750000
vt 0.625000 0.750000
vt 0.375000 0.750000
vt 0.625000 1.000000
vt 0.375000 1.000000
vt 0.375000 0.000000
vt 0.625000 0.000000
vt 0.625000 0.250000
vt 0.375000 0.250000
vt 0.125000 0.500000
vt 0.375000 0.500000
vt 0.125000 0.750000
vn 0.0000 1.0000 0.0000
vn 0.3746 0.0000 0.9272
vn -0.9272 0.0000 0.3746
vn 0.0000 -1.0000 0.0000
vn 0.9272 0.0000 -0.3746
vn -0.3746 0.0000 -0.9272
usemtl Material.015
s off
f 57/99/43 61/100/43 63/101/43 59/102/43
f 60/103/44 59/102/44 63/104/44 64/105/44
f 64/106/45 63/107/45 61/108/45 62/109/45
f 62/110/46 58/111/46 60/103/46 64/112/46
f 58/111/47 57/99/47 59/102/47 60/103/47
f 62/109/48 61/108/48 57/99/48 58/111/48
o Cube.008_Cube.016
v -65.086739 5.500419 -39.556480
v -65.086739 -2.088223 -39.556480
v -64.422997 5.500419 -37.913494
v -64.422997 -2.088223 -37.913494
v -119.706764 5.500419 -17.490784
v -119.706764 -2.088223 -17.490784
v -119.043022 5.500419 -15.847799
v -119.043022 -2.088223 -15.847799
vt 0.625000 0.500000
vt 0.875000 0.500000
vt 0.875000 0.750000
vt 0.625000 0.750000
vt 0.375000 0.750000
vt 0.625000 1.000000
vt 0.375000 1.000000
vt 0.375000 0.000000
vt 0.625000 0.000000
vt 0.625000 0.250000
vt 0.375000 0.250000
vt 0.125000 0.500000
vt 0.375000 0.500000
vt 0.125000 0.750000
vn 0.0000 1.0000 0.0000
vn 0.3746 0.0000 0.9272
vn -0.9272 0.0000 0.3746
vn 0.0000 -1.0000 0.0000
vn 0.9272 0.0000 -0.3746
vn -0.3746 0.0000 -0.9272
usemtl Material.016
s off
f 65/113/49 69/114/49 71/115/49 67/116/49
f 68/117/50 67/116/50 71/118/50 72/119/50
f 72/120/51 71/121/51 69/122/51 70/123/51
f 70/124/52 66/125/52 68/117/52 72/126/52
f 66/125/53 65/113/53 67/116/53 68/117/53
f 70/123/54 69/122/54 65/113/54 66/125/54
o Cube.009_Cube.017
v -65.086739 5.585258 86.841858
v -65.086739 -2.003385 86.841858
v -64.422997 5.585258 88.484840
v -64.422997 -2.003385 88.484840
v -119.706764 5.585258 108.907555
v -119.706764 -2.003385 108.907555
v -119.043022 5.585258 110.550537
v -119.043022 -2.003385 110.550537
vt 0.625000 0.500000
vt 0.875000 0.500000
vt 0.875000 0.750000
vt 0.625000 0.750000
vt 0.375000 0.750000
vt 0.625000 1.000000
vt 0.375000 1.000000
vt 0.375000 0.000000
vt 0.625000 0.000000
vt 0.625000 0.250000
vt 0.375000 0.250000
vt 0.125000 0.500000
vt 0.375000 0.500000
vt 0.125000 0.750000
vn 0.0000 1.0000 0.0000
vn 0.3746 0.0000 0.9272
vn -0.9272 0.0000 0.3746
vn 0.0000 -1.0000 0.0000
vn 0.9272 0.0000 -0.3746
vn -0.3746 0.0000 -0.9272
usemtl Material.017
s off
f 73/127/55 77/128/55 79/129/55 75/130/55
f 76/131/56 75/130/56 79/132/56 80/133/56
f 80/134/57 79/135/57 77/136/57 78/137/57
f 78/138/58 74/139/58 76/131/58 80/140/58
f 74/139/59 73/127/59 75/130/59 76/131/59
f 78/137/60 77/136/60 73/127/60 74/139/60
o Cube.010_Cube.018
v -47.845711 5.585258 26.496367
v -47.845711 -2.003385 26.496367
v -49.612572 5.585258 26.361628
v -49.612572 -2.003385 26.361628
v -43.366348 5.585258 -32.241844
v -43.366348 -2.003385 -32.241844
v -45.133209 5.585258 -32.376579
v -45.133209 -2.003385 -32.376579
vt 0.625000 0.500000
vt 0.875000 0.500000
vt 0.875000 0.750000
vt 0.625000 0.750000
vt 0.375000 0.750000
vt 0.625000 1.000000
vt 0.375000 1.000000
vt 0.375000 0.000000
vt 0.625000 0.000000
vt 0.625000 0.250000
vt 0.375000 0.250000
vt 0.125000 0.500000
vt 0.375000 0.500000
vt 0.125000 0.750000
vn 0.0000 1.0000 0.0000
vn -0.9971 0.0000 -0.0760
vn 0.0760 0.0000 -0.9971
vn 0.0000 -1.0000 0.0000
vn -0.0760 0.0000 0.9971
vn 0.9971 0.0000 0.0760
usemtl Material.018
s off
f 81/141/61 85/142/61 87/143/61 83/144/61
f 84/145/62 83/144/62 87/146/62 88/147/62
f 88/148/63 87/149/63 85/150/63 86/151/63
f 86/152/64 82/153/64 84/145/64 88/154/64
f 82/153/65 81/141/65 83/144/65 84/145/65
f 86/151/66 85/150/66 81/141/66 82/153/66
o Cube.011_Cube.019
v 59.942940 5.585258 -20.085743
v 59.942940 -2.003385 -20.085743
v 58.176079 5.585258 -20.220482
v 58.176079 -2.003385 -20.220482
v 64.422302 5.585258 -78.823952
v 64.422302 -2.003385 -78.823952
v 62.655441 5.585258 -78.958694
v 62.655441 -2.003385 -78.958694
vt 0.625000 0.500000
vt 0.875000 0.500000
vt 0.875000 0.750000
vt 0.625000 0.750000
vt 0.375000 0.750000
vt 0.625000 1.000000
vt 0.375000 1.000000
vt 0.375000 0.000000
vt 0.625000 0.000000
vt 0.625000 0.250000
vt 0.375000 0.250000
vt 0.125000 0.500000
vt 0.375000 0.500000
vt 0.125000 0.750000
vn 0.0000 1.0000 0.0000
vn -0.9971 0.0000 -0.0760
vn 0.0760 0.0000 -0.9971
vn 0.0000 -1.0000 0.0000
vn -0.0760 0.0000 0.9971
vn 0.9971 0.0000 0.0760
usemtl Material.019
s off
f 89/155/67 93/156/67 95/157/67 91/158/67
f 92/159/68 91/158/68 95/160/68 96/161/68
f 96/162/69 95/163/69 93/164/69 94/165/69
f 94/166/70 90/167/70 92/159/70 96/168/70
f 90/167/71 89/155/71 91/158/71 92/159/71
f 94/165/72 93/164/72 89/155/72 90/167/72
o Cube.012_Cube.020
v 75.984467 10.570287 25.022091
v 116.658630 -3.370711 29.162552
v 73.810364 4.066752 24.482067
v 114.484535 -9.874246 28.622528
v 83.654900 13.456119 -40.612411
v 124.329071 -0.484879 -36.471947
v 81.480804 6.952584 -41.152435
v 122.154968 -6.988414 -37.011971
vt 0.625000 0.500000
vt 0.875000 0.500000
vt 0.875000 0.750000
vt 0.625000 0.750000
vt 0.375000 0.750000
vt 0.625000 1.000000
vt 0.375000 1.000000
vt 0.375000 0.000000
vt 0.625000 0.000000
vt 0.625000 0.250000
vt 0.375000 0.250000
vt 0.125000 0.500000
vt 0.375000 0.500000
vt 0.125000 0.750000
vn -0.9416 0.3227 -0.0959
vn -0.3161 -0.9455 -0.0785
vn 0.1160 0.0436 -0.9923
vn 0.9416 -0.3227 0.0959
vn -0.1160 -0.0436 0.9923
vn 0.3161 0.9455 0.0785
usemtl Material.020
s off
f 97/169/73 101/170/73 103/171/73 99/172/73
f 100/173/74 99/172/74 103/174/74 104/175/74
f 104/176/75 103/177/75 101/178/75 102/179/75
f 102/180/76 98/181/76 100/173/76 104/182/76
f 98/181/77 97/169/77 99/172/77 100/173/77
f 102/179/78 101/178/78 97/169/78 98/181/78
o Cube.013_Cube.021
v 40.181271 22.668396 25.022091
v 80.855438 8.727397 29.162552
v 38.007168 16.164860 24.482067
v 78.681335 2.223863 28.622528
v 47.851707 25.554226 -40.612411
v 88.525879 11.613229 -36.471947
v 45.677605 19.050694 -41.152435
v 86.351776 5.109694 -37.011971
vt 0.625000 0.500000
vt 0.875000 0.500000
vt 0.875000 0.750000
vt 0.625000 0.750000
vt 0.375000 0.750000
vt 0.625000 1.000000
vt 0.375000 1.000000
vt 0.375000 0.000000
vt 0.625000 0.000000
vt 0.625000 0.250000
vt 0.375000 0.250000
vt 0.125000 0.500000
vt 0.375000 0.500000
vt 0.125000 0.750000
vn -0.9416 0.3227 -0.0959
vn -0.3161 -0.9455 -0.0785
vn 0.1160 0.0436 -0.9923
vn 0.9416 -0.3227 0.0959
vn -0.1160 -0.0436 0.9923
vn 0.3161 0.9455 0.0785
usemtl Material.021
s off
f 105/183/79 109/184/79 111/185/79 107/186/79
f 108/187/80 107/186/80 111/188/80 112/189/80
f 112/190/81 111/191/81 109/192/81 110/193/81
f 110/194/82 106/195/82 108/187/82 112/196/82
f 106/195/83 105/183/83 107/186/83 108/187/83
f 110/193/84 109/192/84 105/183/84 106/195/84
o Cube.014_Cube.022
v -1.422909 27.340303 21.390141
v 41.375011 23.542654 25.839703
v -2.030190 20.488626 21.383411
v 40.767731 16.690977 25.832973
v 5.369614 26.802866 -44.402142
v 48.167534 23.005217 -39.952579
v 4.762333 19.951189 -44.408871
v 47.560253 16.153540 -39.959309
vt 0.625000 0.500000
vt 0.875000 0.500000
vt 0.875000 0.750000
vt 0.625000 0.750000
vt 0.375000 0.750000
vt 0.625000 1.000000
vt 0.375000 1.000000
vt 0.375000 0.000000
vt 0.625000 0.000000
vt 0.625000 0.250000
vt 0.375000 0.250000
vt 0.125000 0.500000
vt 0.375000 0.500000
vt 0.125000 0.750000
vn -0.9908 0.0879 -0.1030
vn -0.0883 -0.9961 -0.0010
vn 0.1027 -0.0081 -0.9947
vn 0.9908 -0.0879 0.1030
vn -0.1027 0.0081 0.9947
vn 0.0883 0.9961 0.0010
usemtl Material.022
s off
f 113/197/85 117/198/85 119/199/85 115/200/85
f 116/201/86 115/200/86 119/202/86 120/203/86
f 120/204/87 119/205/87 117/206/87 118/207/87
f 118/208/88 114/209/88 116/201/88 120/210/88
f 114/209/89 113/197/89 115/200/89 116/201/89
f 118/207/90 117/206/90 113/197/90 114/209/90
o Cube.015_Cube.023
v -1.231750 27.039131 21.388603
v 45.117153 23.693249 26.385994
v -1.253571 26.119091 20.974998
v 45.095333 22.773209 25.972389
v -14.466110 -15.133271 115.896767
v 31.882793 -18.479153 120.894157
v -14.487930 -16.053310 115.483162
v 31.860973 -19.399193 120.480553
vt 0.625000 0.500000
vt 0.625000 0.750000
vt 0.875000 0.750000
vt 0.875000 0.500000
vt 0.375000 0.750000
vt 0.375000 1.000000
vt 0.625000 1.000000
vt 0.375000 0.000000
vt 0.375000 0.250000
vt 0.625000 0.250000
vt 0.625000 0.000000
vt 0.125000 0.500000
vt 0.125000 0.750000
vt 0.375000 0.500000
vn -0.9917 0.0716 -0.1069
vn -0.0216 -0.9119 -0.4099
vn -0.1268 -0.4042 0.9058
vn 0.9917 -0.0716 0.1069
vn 0.1268 0.4042 -0.9058
vn 0.0216 0.9119 0.4099
usemtl Material.023
s off
f 121/211/91 123/212/91 127/213/91 125/214/91
f 124/215/92 128/216/92 127/217/92 123/212/92
f 128/218/93 126/219/93 125/220/93 127/221/93
f 126/222/94 128/223/94 124/215/94 122/224/94
f 122/224/95 124/215/95 123/212/95 121/211/95
f 126/219/96 122/224/96 121/211/96 125/220/96
